9.247269207295416571e-02 -1.444153899498540339e-02 -4.514515212659723359e-03 -3.099753312581882050e-03
3.627048389913450216e-02 -1.056884632135707443e-02 2.353218510221203805e-02 -1.726655099859702308e-02
-5.227214374364349408e-02 4.386895847788613995e-02 2.184407248687008848e-02 -9.411467247454828947e-03
9.818524866999089190e-03 3.684468802628932272e-03 -8.641249350158836107e-03 -1.911318169524807995e-04
1.463163696379777591e-03 7.555298461260742497e-03 -2.582658983060827883e-03 -2.581497668707063986e-03
1.760916056170438657e-02 -1.214304257275503410e-02 5.637949615916731418e-03 -1.897989817321479964e-04
-8.460120801294090942e-02 9.339634079004593969e-03 2.219962770381487746e-02 -5.206364205133772599e-03
4.793264760372198396e-02 3.388275199094136630e-02 -3.694157270017901090e-02 1.344934528567148617e-02
4.549179172072254085e-02 -8.240933921083486158e-03 4.817964263599722012e-03 -7.399131066945860077e-03
9.818524866999019801e-03 6.280135592553713619e-03 4.466789566490902454e-03 6.980041512520117092e-05
1.463163696379479652e-03 -1.267242916113342846e-02 3.752839472572870160e-03 3.929649152546230541e-04
1.760916056170419228e-02 1.856337157174951791e-02 -6.602886014603139312e-04 1.808953314003947923e-03
-3.244042311101661552e-02 7.146424490594391332e-02 -4.143934156451379441e-02 4.134370876800060567e-03
9.934276521098879542e-02 -2.004585022330245686e-02 -2.262662705614604947e-02 -1.734987787061397987e-02
1.213623344217559623e-02 1.320631214982979744e-02 -2.299107564645188478e-02 5.898030993568809111e-03
-3.900535541621854684e-03 4.721523518877233233e-02 -2.961137568478412405e-02 -1.630183158287620490e-02
3.350049269015239334e-02 -9.096820733947114058e-04 -7.727059156476747889e-03 -7.022715751470893011e-03
1.693851914826453647e-03 3.829152012459011850e-02 -1.963857162892217526e-02 1.470329007742439105e-03
-4.299928489679227112e-02 8.296098545755956066e-02 -4.729157161954427452e-02 -1.292778270287191569e-02
3.467208978366981276e-02 -2.142569920958277072e-02 2.372128881524840707e-02 -1.376636730930785868e-02
2.339720359586932794e-02 2.099370366500089707e-02 -3.765863089313148393e-02 4.631001698558770766e-03
-9.854029935798890028e-02 1.295008916343929339e-01 -3.963149303824271136e-02 -6.849702019745117047e-03
5.048862118043653119e-02 -2.794836858464751195e-04 1.204230546325712851e-02 -2.861697769380629891e-02
5.305157895658720729e-02 -3.228453036970343332e-02 -5.161759239440392999e-02 2.262734029043607029e-02
-8.453265544256999275e-02 9.100054669417324826e-02 -2.701774190473227658e-02 -9.408785569702184104e-03
-8.350152076983240537e-03 7.227809686231534414e-02 -2.291935373188457026e-02 -3.173612964941822934e-02
5.013016524345798725e-02 -1.034860819940026655e-01 -5.583482191149766877e-02 4.600856977168205769e-02
-6.719169541092341602e-02 7.097265136054028978e-02 -4.069057007839579909e-02 -2.103673361321093185e-02
-5.427974236939541591e-02 1.969153268427308381e-02 1.803057552526897422e-02 -9.700369057501398093e-03
4.427752179557484236e-02 -1.803335648355225765e-02 -5.275102773036642601e-02 6.509981409896507115e-03
-1.290881938188414013e-01 9.004384803551611360e-02 -2.349820911368833559e-02 5.269831710340977006e-03
-4.353192135827246151e-02 1.951984972258681691e-03 5.092201161191207970e-02 -3.753698441109890732e-02
7.789675567137448187e-02 -6.584159706607681239e-02 -5.249496687884416118e-02 2.680276468867888451e-02
-1.509278644451493290e-01 1.145523734582086089e-01 2.330554092733844868e-02 1.136620237138824020e-02
-7.565885960844986879e-02 1.386062932282924320e-01 7.600282345719315547e-02 -5.745950673116890367e-02
9.274359166558880652e-02 -1.590122818175589980e-01 -1.187115708285193111e-01 4.300182016712036925e-02
-1.086213238742974457e-01 6.583029981805099684e-02 -1.866127607158840629e-02 -2.894613445243051850e-02
-1.374377982823219990e-01 1.046251703631012053e-01 4.119086262475413034e-03 -9.861305608420663574e-03
7.428756593840710187e-02 -1.203172461469562554e-01 -1.096684823582609464e-01 4.245811251478914111e-02
-1.397010960787336553e-01 1.405505383314188117e-01 9.845609886815916145e-02 2.384186409443729560e-01
-2.026721328792497334e-01 2.102860117093229564e-01 2.964375379672949951e-01 8.847182628730857479e-01
9.703743098635723985e-02 -2.765421529203500040e-01 -2.829028211142424198e-01 1.100099270699031878e-01
-1.157210217493945120e-01 4.718627958812374179e-02 -4.649968872337249121e-02 -6.900243118689852566e-03
-2.266392488992132748e-01 7.401323478085040930e-02 3.892624092016505610e-02 6.796125386635544843e-03
8.565806163227092374e-02 -1.794312901208254540e-01 -1.965544086520351341e-01 3.475938772043293129e-02
-1.252969668054154939e-01 2.884207567006254191e-02 -2.762514742531638895e-02 -6.118458312451073924e-03
-1.591117368078424910e-01 -8.991377602786152640e-03 7.409818162652480333e-02 -1.425900657244223366e-02
8.538648993958419808e-02 -1.292757167046305611e-01 -8.594283705909740168e-02 5.000230355371459295e-02
-1.647010484636950434e-01 -7.440576849738216383e-03 -2.835074516092149499e-02 1.307359720438571946e-02
-1.868851482780345130e-01 -5.602855198288105021e-02 1.067189549340752802e-01 -7.355114096132414365e-04
1.096651602095917583e-01 -1.402063260452080518e-01 -9.725517788019194532e-02 9.497967741659116281e-02
-1.167448855362693272e-01 -1.592011562722808748e-02 -5.630164400864581808e-02 -6.753284031545304586e-03
-2.386864737485552002e-01 -4.738446580314085999e-02 1.026694398792007967e-01 -1.640438973986132337e-02
8.722996473336043499e-02 -1.699377207496542141e-01 -1.422150821961233325e-01 7.298912043647522163e-02
-6.756621064526820153e-02 -5.036441998014397695e-03 -9.356032148224059652e-02 -2.017150574676738334e-02
-1.885751850328367119e-01 2.259642674073749150e-02 8.703777864755281313e-02 -1.588419400354414493e-02
5.564509395986304979e-02 -8.195475596625302617e-02 -6.940873948851068731e-02 2.131279138258435416e-02
-1.025390489711769104e-01 -7.323516373344380551e-04 -8.678146188157125074e-02 1.861937609832783587e-03
-1.387309579650600200e-01 -4.445404990342271406e-02 1.096776263626216691e-01 -2.686730589994500498e-02
7.100365794732177438e-02 -1.114647646380762386e-01 -2.005753921249107258e-02 3.008724051991212151e-02
-1.146822692028557772e-01 -5.753559053395988776e-02 -7.008145579404985448e-02 6.903297136097372166e-03
-1.940192126042544762e-01 -4.163276864638965069e-02 1.125644304324684292e-01 -3.982443914353747672e-02
8.236844027937638424e-02 -1.144251675266435148e-01 -1.286295823949724221e-02 5.268512084177474908e-02
-4.954094262592007719e-02 -4.485468224446875068e-02 -1.036152519546450490e-01 4.295858250891242298e-03
-2.140898875809070234e-01 -2.735489739942548529e-02 1.360504775873488947e-01 -3.511605345333813216e-02
4.771459918687088325e-02 -1.238959376341454283e-01 -4.590152753502830391e-02 4.061574267263630411e-02
-3.442711204724681340e-02 3.716573486134069904e-02 -6.985274138096449204e-02 -6.917468611129005442e-03
-1.409451750085344568e-01 -4.589803038779249889e-02 6.596285932812588626e-02 -2.317778472016509064e-02
3.320975050324694033e-02 -1.044202755353087625e-01 -1.188723266552183834e-02 2.982070916139040878e-02
-8.020348686557124407e-02 9.647314316124493486e-03 -2.980166247464008031e-02 -3.584574950095223509e-03
-1.320861238911101021e-01 -6.125829336598315189e-02 3.482763496589475621e-02 -2.311952300810651145e-02
5.799765739809720211e-02 -9.973512421830922625e-02 1.136013086241396790e-02 2.415809542374777394e-02
-5.310282412407792141e-02 -1.255442913971538919e-02 1.245863539413112966e-03 5.244004473417182219e-03
-1.953650587105434655e-01 -8.212542695707365781e-02 2.412301574376588334e-02 -3.826902589171111285e-02
4.814476916646601157e-02 -8.384006796466937639e-02 -3.461751919488147838e-02 4.028327102346680733e-02
6.441085079802354868e-03 6.537733867631864704e-02 1.821822988962545822e-03 -2.248518918545120739e-03
-1.629675895506342287e-01 -9.017750548143650680e-02 2.939349477813716846e-02 -3.115324512861026088e-02
1.225230559833286222e-02 -9.383092736396972389e-02 -9.180408970796538615e-02 3.802022187458994895e-02
-2.076557995005423943e-02 5.159486185169209760e-02 2.069503529321357893e-03 -1.087588796910077650e-03
-1.028483246193754586e-01 -7.263486944470759488e-02 -2.754216077041879429e-02 -9.870698152989158466e-03
2.242683893947020057e-02 -8.416416962682682357e-02 -3.696781091834095562e-02 6.468005918215475637e-03
-6.291289399299782037e-02 -2.889094907236418319e-02 2.628405633180713394e-02 5.263067911424179797e-03
-1.402956583582694872e-01 -1.195233646192006699e-01 -7.647275161150120237e-02 -8.023439155813587992e-03
4.903889853297893620e-02 -6.514597905999025551e-02 -2.708125198307423723e-02 1.195476453693155618e-02
-1.388780242793483805e-02 -8.507735678134004456e-04 7.905137735832790113e-03 3.457642089182886430e-02
-1.741176491051961983e-01 -1.897760715847928992e-01 -1.511059324780397728e-01 -1.877355033478571734e-03
2.451376741588114430e-02 -8.758950050156606715e-02 -7.892678913084502645e-02 2.667532381215424048e-02
-5.356469808431840729e-02 -2.897786776279624443e-01 -2.119620231086944973e-01 2.444541828165812114e-01
-1.990960040295917388e-01 -4.072583667247133832e-01 -5.890728763420998160e-01 1.426664238697848974e-01
4.871230926429549052e-02 -1.368845674791601963e-01 -9.157042470195815576e-02 8.030461221576828956e-02
-1.003771574369823477e-01 -1.652676838408972115e-01 1.281913478198528356e-01 4.549263574187091541e-02
-2.219459329786219459e-01 -2.823460459400294331e-01 -2.589689551034352055e-01 -3.489040311251646181e-02
7.671264925860726835e-02 -6.181447844802340219e-02 1.096676768006520503e-01 4.540206005146454893e-02
