3.367461589556769042e+01
-2.924944031194448257e+01
1.747843986590395104e+01
-5.920242855457382714e-01
-2.398997875094250887e-01
7.693863381143382085e-01
2.356898144731682265e+01
9.370135511413602103e+01
1.728953696818361152e+01
-2.310129249412936625e-01
2.791731627813686112e-01
-9.320382898211402312e-01
-2.930785816162654100e+00
4.610760572710638883e+00
3.078641202665662213e+00
-2.973377578280533839e+00
2.837435217911270513e+00
2.685206006092296427e+00
-3.677946410067697514e+00
7.622549463055474206e+00
3.148552043676462020e+00
-7.384385987348096592e+00
9.089102424354692289e+00
1.717393267208247920e+00
-9.611027480487820185e+00
4.869819994154941156e+00
1.230745610070194118e-01
-8.621961341077657437e+00
5.616802425999871673e+00
4.963350968234490068e-01
-1.111222680699094667e+01
1.035037895514049566e+01
4.125724568814099769e-01
-1.544804805084977772e+01
7.922196814042980151e+00
-1.210178635420501969e+00
-1.528755299826362091e+01
4.428874919261165388e+00
-1.818978035183672404e+00
-1.930702909135432321e+01
8.861376452009341875e+00
-3.505859535406058214e+00
-2.236893869933756207e+01
6.965404072408922787e+00
2.428461990008834448e-02
-1.773797155041732054e+01
3.826309865321743331e+00
-5.972594000672728498e-01
-1.532116937768287812e+01
7.116500716797691695e+00
-5.019055228206390495e-01
-1.955820638189176464e+01
6.883975028345158620e+00
1.118308084716375106e-01
-1.984416532367990982e+01
1.139476732531978342e+00
-1.187501854069967777e+00
-1.414620666364854884e+01
9.290239809196521037e-01
-2.419481772390991381e+00
-1.439428857288608299e+01
4.683756662067764864e+00
-1.281932306820394274e+00
-1.865704953107663755e+01
1.627739605669834333e+00
-1.376393601057994687e+00
-1.576451838021774421e+01
-3.053309417252691560e+00
-3.061963340005572576e+00
-1.101055088966850093e+01
-5.656835590279634118e-01
-3.174240184147837596e+00
-1.369226678786877471e+01
1.119755638757439442e+00
-2.430130470564499490e+00
-1.543845607032722711e+01
-3.736617497552291667e+00
-3.560293853968847344e+00
-1.049856655754106782e+01
-5.585338072897300776e+00
-4.388750829511526064e+00
-8.536010288947537106e+00
-1.135878543991967859e+00
-3.751598551143814575e+00
-1.139682721724113890e+01
-2.522894658550423941e+00
-3.543173034419602629e+00
-8.737064684016964122e+00
1.731812495402035523e+00
-2.978892577673327935e+00
-8.936800925029963594e+00
5.885058436020347727e+00
-1.914234862823221306e+00
